
M6E
                         COMUNICADO  2019 - 2 - G0343                        -1- F
 
PARA         : EMPRESAS ASOCIADAS 
ASUNTO       : PROMOCION 2X99                                        
FECHA        : 10 de Julio del 2019
ÄÄÄÄÄÄÄÄÄÄÄÄÄÄÄÄÄÄÄÄÄÄÄÄÄÄÄÄÄÄÄÄÄÄÄÄÄÄÄÄÄÄÄÄÄÄÄÄÄÄÄÄÄÄÄÄÄÄÄÄÄÄÄÄÄÄÄÄÄÄÄÄÄÄÄÄÄÄÄÄÄÄÄÄÄÄÄÄÄÄ
 
 




Por medio del presente se comunica a las empresas asociadas de
Lima y Provincias que, a partir de hoy estos son los art›culos
Vigentes para la promoci¢n del 2 x S/. 99.90

3091958
3099958
3891004
3891955
3891959
3892936
3892963
3895935
3895959
3895962
3895968
3896905
3896930
3896936
3896937
3896954
3899913
3899926
3899928
3899930
3899936
3899937
3899940
3899955
3899959
3899962
3899963
3899968
4091913
4095913
4096904
4096913
4099904
4099913
4816916
4891004
4891905
4891906
4891938
4892905
4892926
4892934
4892936
4892980
4892991
4895908
4895915
4895926
4895947
4896905
4896914
4896919
4896922
4896926
4896934
4896936
4896938
4896941
4896946
4896954
4896962
4896973
4896991
4897922
4897926
4897980
4899902
4899905
4899914
4899926
4899934
4899938
4899940
4899946
4899947
4899952
4899962
4899980
4899991
5095933
5096933
5596936
5811965
5890910
5890911
5890912
5891900
5891902
5891903
5891910
5891920
5891921
5891922
5891925
5891930
5891935
5892037
5892618
5892909
5892918
5892921
5892964
5892996
5895691
5895900
5895903
5895908
5895909
5895911
5895920
5895921
5895940
5895964
5895965
5895968
5895971
5895991
5896614
5896910
5896934
5896942
5896948
5896964
5896971
5897900
5897902
5897903
5897904
5897905
5897906
5897911
5897912
5897913
5897918
5897922
5897948
5897954
5897963
5898908
5898912
5899037
5899086
5899618
5899668
5899900
5899901
5899902
5899911
5899929
5899933
5899934
5899942
5899954
5899963
5899965
5899968
6599905
6599906
6891905
8091903
8095903
8096903
8096904
8096977
8099904
8099913
8099952
8891901
8891908
8891911
8892604
8892934
8892957
8892969
8892979
8892980
8892991
8893970
8895909
8895910
8895917
8895921
8895927
8895933
8895940
8895969
8895988
8895990
8896604
8896900
8896908
8896917
8896920
8896921
8896928
8896930
8896937
8896954
8896961
8896969
8896972
8896973
8896985
8896991
8897909
8897910
8897915
8897920
8897969
8897980
8897984
8897990
8899900
8899901
8899908
8899914
8899930
8899933
8899934
8899937
8899940
8899955
8899957
8899959
8899961
8899964
8899969
8899970
8899973
8899980
8899984
8899988
8899991
                        
Fecha de vigencia es a partir de hoy 10 de julio al 16 de
julio.


Agradecemos la atenci¢n prestada,
 


 Agradeciendo la atenci¢n al presente.

 Atentamente,



    -------------------------
      EMPRESAS COMERCIALES S.A.
