
M6E
                         COMUNICADO  2019 - 2 - G0335                        -1- F
 
PARA         : EMPRESAS ASOCIADAS 
ASUNTO       : PRESUPUESTO SEMANA 28/2019                            
FECHA        : 08 de Julio del 2019
ÄÄÄÄÄÄÄÄÄÄÄÄÄÄÄÄÄÄÄÄÄÄÄÄÄÄÄÄÄÄÄÄÄÄÄÄÄÄÄÄÄÄÄÄÄÄÄÄÄÄÄÄÄÄÄÄÄÄÄÄÄÄÄÄÄÄÄÄÄÄÄÄÄÄÄÄÄÄÄÄÄÄÄÄÄÄÄÄÄÄ
 
 


Por medio de la presente les informamos, el presupuesto de la
semana 28/2019.

DIST    TDA     LUN     MAR     MIER    JUE     VIER    SAB     DOM

501     124     10.00   10.00   10.00   11.00   13.00   25.00
501     204     10.00   10.00   10.00   11.00   13.00   25.00
501     207     10.00   10.00   10.00   11.00   13.00   25.00
501     208     10.00   10.00   10.00   11.00   13.00   25.00
501     210     10.00   10.00   10.00   11.00   13.00   25.00
501     217     10.00   10.00   10.00   11.00   13.00   25.00
501     219     10.00   10.00   10.00   11.00   13.00   25.00
501     221     10.00   10.00   10.00   11.00   13.00   25.00
501     222     10.00   10.00   10.00   11.00   13.00   25.00
501     224     10.00   10.00   10.00   11.00   13.00   25.00
501     225     10.00   10.00   10.00   11.00   13.00   25.00
501     227     10.00   10.00   10.00   11.00   13.00   25.00
501     400     10.00   10.00   10.00   11.00   13.00   25.00
501     401     10.00   10.00   10.00   11.00   13.00   25.00
501     404     10.00   10.00   10.00   11.00   13.00   25.00
501     405     10.00   10.00   10.00   11.00   13.00   25.00
501     406     10.00   10.00   10.00   11.00   13.00   25.00
501     411     10.00   10.00   10.00   11.00   13.00   25.00
501     412     10.00   10.00   10.00   11.00   13.00   25.00
501     413     10.00   10.00   10.00   11.00   13.00   25.00
501     414     10.00   10.00   10.00   11.00   13.00   25.00
501     515     10.00   10.00   10.00   11.00   13.00   25.00
501     552     10.00   10.00   10.00   11.00   13.00   25.00
501     641     10.00   10.00   10.00   11.00   13.00   25.00
501     807     10.00   10.00   10.00   11.00   13.00   25.00
501     830     10.00   10.00   10.00   11.00   13.00   25.00
501     831     10.00   10.00   10.00   11.00   13.00   25.00
501     832     10.00   10.00   10.00   11.00   13.00   25.00
502     102     10.00   10.00   10.00   11.00   13.00   25.00
502     104     10.00   10.00   10.00   11.00   13.00   25.00
502     107     10.00   10.00   10.00   11.00   13.00   25.00
502     109     10.00   10.00   10.00   11.00   13.00   25.00
502     125     10.00   10.00   10.00   11.00   13.00   25.00
502     128     10.00   10.00   10.00   11.00   13.00   25.00
502     203     10.00   10.00   10.00   11.00   13.00   25.00
502     205     10.00   10.00   10.00   11.00   13.00   25.00
502     559     10.00   10.00   10.00   11.00   13.00   25.00
502     904     10.00   10.00   10.00   11.00   13.00   25.00
503     140     10.00   10.00   10.00   11.00   13.00   25.00
503     141     10.00   10.00   10.00   11.00   13.00   25.00
503     142     10.00   10.00   10.00   11.00   13.00   25.00
503     143     10.00   10.00   10.00   11.00   13.00   25.00
503     147     10.00   10.00   10.00   11.00   13.00   25.00
503     148     10.00   10.00   10.00   11.00   13.00   25.00
503     253     10.00   10.00   10.00   11.00   13.00   25.00
503     254     10.00   10.00   10.00   11.00   13.00   25.00
503     255     10.00   10.00   10.00   11.00   13.00   25.00
503     256     10.00   10.00   10.00   11.00   13.00   25.00
503     290     10.00   10.00   10.00   11.00   13.00   25.00
503     332     10.00   10.00   10.00   11.00   13.00   25.00
503     340     10.00   10.00   10.00   11.00   13.00   25.00
503     345     10.00   10.00   10.00   11.00   13.00   25.00
503     346     10.00   10.00   10.00   11.00   13.00   25.00
503     390     10.00   10.00   10.00   11.00   13.00   25.00
503     392     10.00   10.00   10.00   11.00   13.00   25.00
503     418     10.00   10.00   10.00   11.00   13.00   25.00
503     419     9.00    9.00    10.00   11.00   15.00   23.00
503     420     10.00   10.00   10.00   11.00   13.00   25.00
503     422     10.00   10.00   10.00   11.00   13.00   25.00
503     424     10.00   10.00   10.00   11.00   13.00   25.00
503     425     10.00   10.00   10.00   11.00   13.00   25.00
503     427     10.00   10.00   10.00   11.00   13.00   25.00
503     428     10.00   10.00   10.00   11.00   13.00   25.00
503     429     10.00   10.00   10.00   11.00   13.00   25.00
503     553     10.00   10.00   10.00   11.00   13.00   25.00
503     933     10.00   10.00   10.00   11.00   13.00   25.00
504     149     10.00   10.00   10.00   11.00   13.00   25.00
504     152     10.00   10.00   10.00   11.00   13.00   25.00
504     259     10.00   10.00   10.00   11.00   13.00   25.00
504     262     10.00   10.00   10.00   11.00   13.00   25.00
504     263     10.00   10.00   10.00   11.00   13.00   25.00
504     265     10.00   10.00   10.00   11.00   13.00   25.00
504     266     10.00   10.00   10.00   11.00   13.00   25.00
504     268     10.00   10.00   10.00   11.00   13.00   25.00
504     333     10.00   10.00   10.00   11.00   13.00   25.00
504     334     10.00   10.00   10.00   11.00   13.00   25.00
504     336     10.00   10.00   10.00   11.00   13.00   25.00
504     338     10.00   10.00   10.00   11.00   13.00   25.00
504     339     10.00   10.00   10.00   11.00   13.00   25.00
504     555     10.00   10.00   10.00   11.00   13.00   25.00
505     118     10.00   10.00   10.00   11.00   13.00   25.00
505     119     10.00   10.00   10.00   11.00   13.00   25.00
505     120     10.00   10.00   10.00   11.00   13.00   25.00
505     122     10.00   10.00   10.00   11.00   13.00   25.00
505     214     10.00   10.00   10.00   11.00   13.00   25.00
505     216     10.00   10.00   10.00   11.00   13.00   25.00
505     218     10.00   10.00   10.00   11.00   13.00   25.00
505     223     10.00   10.00   10.00   11.00   13.00   25.00
505     226     10.00   10.00   10.00   11.00   13.00   25.00
505     228     10.00   10.00   10.00   11.00   13.00   25.00
505     230     10.00   10.00   10.00   11.00   13.00   25.00
505     232     10.00   10.00   10.00   11.00   13.00   25.00
505     235     10.00   10.00   10.00   11.00   13.00   25.00
505     267     10.00   10.00   10.00   11.00   13.00   25.00
505     271     10.00   10.00   10.00   11.00   13.00   25.00
505     272     10.00   10.00   10.00   11.00   13.00   25.00
505     275     10.00   10.00   10.00   11.00   13.00   25.00
505     277     10.00   10.00   10.00   11.00   13.00   25.00
505     278     10.00   10.00   10.00   11.00   13.00   25.00
505     279     10.00   10.00   10.00   11.00   13.00   25.00
505     550     10.00   10.00   10.00   11.00   13.00   25.00
505     801     10.00   10.00   10.00   11.00   13.00   25.00
505     802     10.00   10.00   10.00   11.00   13.00   25.00
505     804     10.00   10.00   10.00   11.00   13.00   25.00
505     805     10.00   10.00   10.00   11.00   13.00   25.00
505     806     10.00   10.00   10.00   11.00   13.00   25.00
506     123     9.00    9.00    10.00   11.00   15.00   23.00
506     201     10.00   10.00   10.00   11.00   13.00   25.00
506     209     9.00    9.00    10.00   11.00   15.00   23.00
506     211     9.00    9.00    10.00   11.00   15.00   23.00
506     213     9.00    9.00    10.00   11.00   15.00   23.00
506     234     9.00    9.00    10.00   11.00   15.00   23.00
506     269     9.00    9.00    10.00   11.00   15.00   23.00
506     270     9.00    9.00    10.00   11.00   15.00   23.00
506     283     9.00    9.00    10.00   11.00   15.00   23.00
506     337     9.00    9.00    10.00   11.00   15.00   23.00
506     341     9.00    9.00    10.00   11.00   15.00   23.00
506     342     9.00    9.00    10.00   12.00   16.00   23.00
506     393     10.00   10.00   10.00   11.00   13.00   25.00
506     394     10.00   10.00   10.00   11.00   13.00   25.00
506     395     9.00    9.00    10.00   11.00   15.00   23.00
506     396     9.00    9.00    10.00   11.00   15.00   23.00
506     455     9.00    9.00    10.00   11.00   15.00   23.00
506     456     9.00    9.00    10.00   11.00   15.00   23.00
507     431     10.00   10.00   10.00   11.00   13.00   25.00
507     433     10.00   10.00   10.00   11.00   13.00   25.00
507     434     10.00   10.00   10.00   11.00   13.00   25.00
507     440     10.00   10.00   10.00   11.00   13.00   25.00
507     441     10.00   10.00   10.00   11.00   13.00   25.00
507     450     10.00   10.00   10.00   11.00   13.00   25.00
507     451     10.00   10.00   10.00   11.00   13.00   25.00
507     452     10.00   10.00   10.00   11.00   13.00   25.00
507     453     10.00   10.00   10.00   11.00   13.00   25.00
507     454     10.00   10.00   10.00   11.00   13.00   25.00
507     457     10.00   10.00   10.00   11.00   13.00   25.00
507     554     10.00   10.00   10.00   11.00   13.00   25.00
507     740     10.00   10.00   10.00   11.00   13.00   25.00
507     741     10.00   10.00   10.00   11.00   13.00   25.00
507     742     10.00   10.00   10.00   11.00   13.00   25.00
507     744     10.00   10.00   10.00   11.00   13.00   25.00
507     745     10.00   10.00   10.00   11.00   13.00   25.00
507     746     10.00   10.00   10.00   11.00   13.00   25.00
507     747     9.00    9.00    10.00   11.00   15.00   23.00
507     748     10.00   10.00   10.00   11.00   13.00   25.00
507     749     10.00   10.00   10.00   11.00   13.00   25.00
507     760     10.00   10.00   10.00   11.00   13.00   25.00
507     763     10.00   10.00   10.00   11.00   13.00   25.00
507     790     10.00   10.00   10.00   11.00   13.00   25.00
508     557     10.00   10.00   10.00   11.00   13.00   25.00
508     701     10.00   10.00   10.00   11.00   13.00   25.00
508     702     10.00   10.00   10.00   11.00   13.00   25.00
508     704     10.00   10.00   10.00   11.00   13.00   25.00
508     705     10.00   10.00   10.00   11.00   13.00   25.00
508     706     10.00   10.00   10.00   11.00   13.00   25.00
508     707     10.00   10.00   10.00   11.00   13.00   25.00
508     709     10.00   10.00   10.00   11.00   13.00   25.00
508     710     10.00   10.00   10.00   11.00   13.00   25.00
508     711     10.00   10.00   10.00   11.00   13.00   25.00
508     712     9.00    9.00    10.00   11.00   15.00   23.00
508     714     9.00    9.00    10.00   11.00   15.00   23.00
508     716     10.00   10.00   10.00   11.00   13.00   25.00
508     717     9.00    9.00    10.00   12.00   16.00   23.00
508     718     9.00    9.00    10.00   12.00   16.00   23.00
508     719     10.00   10.00   10.00   11.00   13.00   25.00
508     720     10.00   10.00   10.00   11.00   13.00   25.00
508     721     10.00   10.00   10.00   11.00   13.00   25.00
508     723     10.00   10.00   10.00   11.00   13.00   25.00
508     726     10.00   10.00   10.00   11.00   13.00   25.00
508     727     10.00   10.00   10.00   11.00   13.00   25.00
508     751     10.00   10.00   10.00   11.00   13.00   25.00
508     753     10.00   10.00   10.00   11.00   13.00   25.00
508     754     9.00    9.00    10.00   11.00   15.00   23.00
508     755     9.00    9.00    10.00   12.00   16.00   23.00
509     556     10.00   10.00   10.00   11.00   13.00   25.00
510     558     10.00   10.00   10.00   11.00   13.00   25.00
510     601     10.00   10.00   10.00   11.00   13.00   25.00
510     602     10.00   10.00   10.00   11.00   13.00   25.00
510     603     10.00   10.00   10.00   11.00   13.00   25.00
510     605     10.00   10.00   10.00   11.00   13.00   25.00
510     606     10.00   10.00   10.00   11.00   13.00   25.00
510     607     10.00   10.00   10.00   11.00   13.00   25.00
510     608     9.00    9.00    10.00   11.00   15.00   23.00
510     609     9.00    9.00    10.00   12.00   16.00   23.00
510     620     10.00   10.00   10.00   11.00   13.00   25.00
510     621     10.00   10.00   10.00   11.00   13.00   25.00
510     625     10.00   10.00   10.00   11.00   13.00   25.00
510     817     9.00    9.00    10.00   11.00   15.00   23.00
510     818     10.00   10.00   10.00   11.00   13.00   25.00
510     820     10.00   10.00   10.00   11.00   13.00   25.00
510     822     10.00   10.00   10.00   11.00   13.00   25.00
510     826     10.00   10.00   10.00   11.00   13.00   25.00
510     827     10.00   10.00   10.00   11.00   13.00   25.00
510     828     10.00   10.00   10.00   11.00   13.00   25.00
511     430     10.00   10.00   10.00   11.00   13.00   25.00
511     501     10.00   10.00   10.00   11.00   13.00   25.00
511     502     10.00   10.00   10.00   11.00   13.00   25.00
511     505     10.00   10.00   10.00   11.00   13.00   25.00
511     511     10.00   10.00   10.00   11.00   13.00   25.00
511     513     10.00   10.00   10.00   11.00   13.00   25.00
511     514     10.00   10.00   10.00   11.00   13.00   25.00
511     519     10.00   10.00   10.00   11.00   13.00   25.00
511     521     10.00   10.00   10.00   11.00   13.00   25.00
511     522     10.00   10.00   10.00   11.00   13.00   25.00
511     523     10.00   10.00   10.00   11.00   13.00   25.00
511     524     9.00    9.00    10.00   11.00   15.00   23.00
511     525     10.00   10.00   10.00   11.00   13.00   25.00
511     526     9.00    9.00    10.00   12.00   16.00   23.00
511     527     10.00   10.00   10.00   11.00   13.00   25.00
511     528     10.00   10.00   10.00   11.00   13.00   25.00
511     529     10.00   10.00   10.00   11.00   13.00   25.00
511     530     10.00   10.00   10.00   11.00   13.00   25.00
511     531     10.00   10.00   10.00   11.00   13.00   25.00
511     532     10.00   10.00   10.00   11.00   13.00   25.00
511     533     10.00   10.00   10.00   11.00   13.00   25.00
511     538     10.00   10.00   10.00   11.00   13.00   25.00
511     539     10.00   10.00   10.00   11.00   13.00   25.00
511     540     10.00   10.00   10.00   11.00   13.00   25.00
511     541     10.00   10.00   10.00   11.00   13.00   25.00
511     542     9.00    9.00    10.00   11.00   15.00   23.00
511     543     9.00    9.00    10.00   11.00   15.00   23.00
511     546     10.00   10.00   10.00   11.00   13.00   25.00
511     551     10.00   10.00   10.00   11.00   13.00   25.00
511     560     10.00   10.00   10.00   11.00   13.00   25.00
511     561     10.00   10.00   10.00   11.00   13.00   25.00
511     562     9.00    9.00    10.00   11.00   15.00   23.00
511     563     10.00   10.00   10.00   11.00   13.00   25.00
511     829     10.00   10.00   10.00   11.00   13.00   25.00
520     950     10.00   10.00   10.00   11.00   13.00   25.00
520     951     10.00   10.00   10.00   11.00   13.00   25.00
520     953     10.00   10.00   10.00   11.00   13.00   25.00
520     954     10.00   10.00   10.00   11.00   13.00   25.00
520     956     10.00   10.00   10.00   11.00   13.00   25.00
520     961     10.00   10.00   10.00   11.00   13.00   25.00
520     962     10.00   10.00   10.00   11.00   13.00   25.00
520     963     10.00   10.00   10.00   11.00   13.00   25.00
520     964     10.00   10.00   10.00   11.00   13.00   25.00
520     965     10.00   10.00   10.00   11.00   13.00   25.00
520     966     10.00   10.00   10.00   11.00   13.00   25.00
520     969     10.00   10.00   10.00   11.00   13.00   25.00

Atentamente,



 


 Agradeciendo la atenci¢n al presente.

 Atentamente,



    -------------------------
      EMPRESAS COMERCIALES S.A.
